0	0.0003002727
0.01	0.0003013748
0.02	0.000302518
0.03	0.0003037104
0.04	0.0003049715
0.05	0.0003063419
0.06	0.0003078458
0.07	0.0003095881
0.08	0.0003115846
0.09	0.0003138572
0.1	0.0003166755
0.11	0.000320094
0.12	0.0003239328
0.13	0.0003281222
0.14	0.0003340864
0.15	0.0003398345
0.16	0.0003460352
0.17	0.0003530031
0.18	0.0003605425
0.19	0.0003681084
0.2	0.0003755777
0.21	0.0003824031
0.22	0.0003881563
0.23	0.0003919833
0.24	0.000393374
0.25	0.0003911629
0.26	0.0003854261
0.27	0.000368865
0.28	0.0003569011
0.29	0.0003246898
0.3	0.0002951305
0.31	0.0002419022
0.32	0.0002181548
0.33	0.0001431303
0.34	7.507121e-05
0.35	4.836144e-06
0.36	-5.408142e-05
0.37	-8.341013e-05
0.38	-0.0001728474
0.39	-0.0002001234
0.4	-0.000263386
0.41	-0.0002748792
0.42	-0.0003250491
0.43	-0.0003789481
0.44	-0.0003845981
0.45	-0.0003932181
0.46	-0.0004167471
0.47	-0.0004006571
0.48	-0.0003938617
0.49	-0.0003859407
0.5	-0.0003827627
0.51	-0.0003565659
0.52	-0.0003332859
0.53	-0.0003301149
0.54	-0.0003287305
0.55	-0.000297774
0.56	-0.0002740566
0.57	-0.0002570023
0.58	-0.000225742
0.59	-0.0002125437
0.6	-0.0001889149
0.61	-0.0001747529
0.62	-0.0001551989
0.63	-0.0001339647
0.64	-0.0001121063
0.65	-9.149044e-05
0.66	-7.074658e-05
0.67	-5.19353e-05
0.68	-3.083545e-05
0.69	-1.057071e-05
0.7	8.662266e-06
0.71	2.445164e-05
0.72	4.238633e-05
0.73	5.840222e-05
0.74	8.150384e-05
0.75	9.670644e-05
0.76	0.0001189691
0.77	0.000135685
0.78	0.0001509773
0.79	0.0001697572
0.8	0.0001944874
0.81	0.0002013012
0.82	0.0002089793
0.83	0.0002205457
0.84	0.0002434123
0.85	0.0002552934
0.86	0.0002604325
0.87	0.0002729795
0.88	0.0002934974
0.89	0.0003153018
0.9	0.0003194883
0.91	0.0003307936
0.92	0.0003543121
0.93	0.0003491198
0.94	0.0003647484
0.95	0.000365971
0.96	0.0003948607
0.97	0.0003993522
0.98	0.0003814205
0.99	0.0003897697
1	0.000457648
1.01	0.0004266882
1.02	0.000450868
1.03	0.0004807807
1.04	0.0004643121
1.05	0.0004665043
1.06	0.0004812957
1.07	0.0005080274
1.08	0.0005170595
1.09	0.0005405444
1.1	0.0005014803
1.11	0.0005250186
1.12	0.0005279272
1.13	0.0005363549
1.14	0.0005454843
1.15	0.0005981697
1.16	0.0005892544
1.17	0.0005717856
1.18	0.0006059063
1.19	0.0005838586
1.2	0.0005415135
1.21	0.0006019894
1.22	0.0006258187
1.23	0.0006685832
1.24	0.0006616924
1.25	0.000674015
1.26	0.0006534051
1.27	0.000675097
1.28	0.0006635668
1.29	0.0006568379
1.3	0.0006807565
1.31	0.00071985
1.32	0.0006938885
1.33	0.0007250739
1.34	0.0006865861
1.35	0.0006754455
1.36	0.0007080306
1.37	0.0006616503
1.38	0.0006912951
1.39	0.0006603192
1.4	0.0006801435
1.41	0.0006990392
1.42	0.0006896821
1.43	0.0006791403
1.44	0.000771534
1.45	0.0006941799
1.46	0.0006827194
1.47	0.0007389378
1.48	0.0007929366
1.49	0.0008768157
1.5	0.0006786172
1.51	0.001068123
1.52	0.0008004749
1.53	0.0007202077
1.54	0.000711443
1.55	0.0008362766
1.56	0.0007770329
1.57	0.0006105561
1.58	0.0008294629
1.59	0.0008347318
1.6	0.0008478768
1.61	0.0008218395
1.62	0.0008168274
1.63	0.0007521013
1.64	0.001023738
1.65	0.0008568805
1.66	0.0008950899
1.67	0.001307113
1.68	0.0008630038
1.69	0.0006295841
1.7	0.00110598
1.71	0.0004746866
1.72	0.0008907731
1.73	0.0008153486
1.74	0.0008231206
1.75	0.001108929
1.76	0.001141368
1.77	0.001005711
1.78	0.0006112074
1.79	0.0007022883
1.8	0.001011465
1.81	0.0005630685
1.82	0.001101079
1.83	0.001528165
1.84	0.0005001833
1.85	0.00102467
1.86	0.0009067471
1.87	0.0007413772
1.88	0.0004834953
1.89	0.0008024781
1.9	0.0009543095
1.91	0.0004763402
1.92	0.000491003
1.93	0.0004023042
1.94	0.001375838
1.95	0.000970263
1.96	0.0006900111
1.97	0.001920943
1.98	0.0008235066
1.99	0.0009098616
2	0.0005616668
2.01	0.0005672971
2.02	0.00118386
2.03	0.000930221
2.04	0.002234095
2.05	0.0007361761
2.06	-0.000347499
2.07	0.002164848
2.08	0.001050265
2.09	0.0008682747
2.1	0.001562083
2.11	0.00151436
2.12	0.001463022
2.13	0.0002866321
2.14	0.0003393789
2.15	0.001600857
2.16	0.001587046
2.17	0.001118047
2.18	0.003575607
2.19	0.002516829
2.2	0.0007127689
2.21	0.001803995
2.22	-0.0003622862
2.23	0.000804323
2.24	0.002817523
2.25	-0.002210401
2.26	0.003423542
2.27	0.002686385
2.28	-0.0006774359
2.29	0.0003774974
2.3	-0.0004362269
2.31	0.003360112
2.32	0.0009299785
2.33	0.001266905
2.34	-0.0008841005
2.35	0.001165034
2.36	0.003180712
2.37	0.001200222
2.38	-0.0005224656
2.39	-0.0008159259
2.4	0.003030438
2.41	-0.0001615159
2.42	-0.001422967
2.43	0.002410583
2.44	-0.003249133
2.45	-0.0001885881
2.46	-0.001328999
2.47	0.0007870148
2.48	-0.0003142826
2.49	-0.000149524
2.5	0.0005656183
2.51	0.001331357
2.52	-0.0008168067
2.53	0.0007465021
2.54	0.004985127
2.55	-0.002042152
2.56	0.003305086
2.57	-0.0001550272
2.58	-0.004039408
2.59	0.003212361
2.6	0.006274502
2.61	-0.0007171793
2.62	0.002911229
2.63	0.002769988
2.64	-0.0043725
2.65	0.0009790582
2.66	-6.551216e-05
2.67	0.002626078
2.68	-0.002773889
2.69	0.00040166
2.7	0.004336775
2.71	0.00247335
2.72	0.01041184
2.73	0.002055196
2.74	-0.006810537
2.75	-0.0003411227
2.76	0.001124705
2.77	-0.001331806
2.78	-0.001672056
2.79	0.005876887
2.8	0.0001348905
2.81	-0.001146096
2.82	0.001772333
2.83	0.006041841
2.84	0.007488487
2.85	-0.001329522
2.86	-0.0004932452
2.87	0.002606902
2.88	0.0007806175
2.89	0.004068854
2.9	-0.001735938
2.91	0.005826377
2.92	-0.007307934
2.93	0.002436545
2.94	-0.00132399
2.95	0.001180858
2.96	-0.0008331902
2.97	0.004003058
2.98	-0.002693218
2.99	-0.0009693957
3	0.002252089
3.01	-0.00490865
3.02	0.001060246
3.03	-0.0007394731
3.04	-0.0008350562
3.05	0.006104705
3.06	-0.004827963
3.07	-0.001409819
3.08	-0.003781013
3.09	-0.008781611
3.1	-0.001547742
3.11	0.006475609
3.12	-0.01120162
3.13	0.01085103
3.14	-0.002279238
3.15	0.0008235959
3.16	-0.009581568
3.17	0.004419017
3.18	0.001449199
3.19	0.003305893
3.2	0.003704767
3.21	-0.01159756
3.22	0.003806632
3.23	-0.002216342
3.24	0.000610263
3.25	0.006171014
3.26	0.003009617
3.27	0.007043639
3.28	-0.001680581
3.29	0.002587659
3.3	0.0009361843
3.31	0.007873439
3.32	-0.006292078
3.33	0.001454753
3.34	0.01292472
3.35	0.003382599
3.36	-0.01370688
3.37	0.004469713
3.38	-0.004954387
3.39	-0.003814306
3.4	0.005194167
3.41	-0.01208006
3.42	0.009645631
3.43	-0.001994464
3.44	-0.0002011671
3.45	-0.00590115
3.46	1.46038e-06
3.47	0.01053447
3.48	-0.01042413
3.49	0.008921855
3.5	0.009271412
3.51	0.002044194
3.52	0.008484718
3.53	-0.006203103
3.54	-0.01402592
3.55	-0.001498724
3.56	0.01898135
3.57	-0.005152961
3.58	-0.002287006
3.59	-0.002065244
3.6	0.02120245
3.61	-0.01383274
3.62	-0.007114609
3.63	0.01037476
3.64	-0.01092569
3.65	0.00237417
3.66	-0.003246301
3.67	0.00460853
3.68	0.009465192
3.69	0.02410333
3.7	0.000197248
3.71	0.01559659
3.72	0.001669803
3.73	-0.02672457
3.74	-0.01366293
3.75	0.009784164
3.76	0.01366159
3.77	0.01241643
3.78	-0.004381081
3.79	-0.009108173
3.8	0.01115295
3.81	-0.02274611
3.82	0.04305444
3.83	-0.05150541
3.84	-0.02635743
3.85	-0.001098558
3.86	-0.009535132
3.87	0.003920696
3.88	-0.01104202
3.89	0.01751909
3.9	0.006813373
3.91	-0.0232818
3.92	0.001518944
3.93	0.002873824
3.94	0.03949638
3.95	0.02272058
3.96	-0.01688004
3.97	-0.01329951
3.98	0.006951356
3.99	-0.02819227
4	0.02445928
4.01	0.02945471
4.02	-0.0003979386
4.03	0.01757724
4.04	-0.001049727
4.05	0.03004671
4.06	0.01073028
4.07	0.01969915
4.08	0.04089264
4.09	0.001863037
4.1	0.00958733
4.11	0.0002180178
4.12	-0.02163961
4.13	0.02218911
4.14	0.00721078
4.15	0.01404373
4.16	0.01812661
4.17	-0.0002233245
4.18	0.003747897
4.19	-0.03999019
4.2	0.02226504
4.21	-0.03990827
4.22	0.03130802
4.23	0.01209835
4.24	0.009327695
4.25	0.01339893
4.26	0.05733903
4.27	0.03667795
4.28	0.01162195
4.29	0.05131166
4.3	0.002204395
4.31	-0.01247945
4.32	0.06433595
4.33	-0.03051135
4.34	0.007173527
4.35	0.0447551
4.36	0.03737999
4.37	0.04670308
4.38	-0.03937491
4.39	-0.02082953
4.4	-0.01067346
4.41	0.04452019
4.42	-0.08486871
4.43	0.04390933
4.44	-0.06347149
4.45	0.0121998
4.46	-0.02589518
4.47	-0.03810477
4.48	0.05212556
4.49	0.02882441
4.5	-0.1354622
4.51	0.03499221
4.52	-0.05588683
4.53	0.02419071
4.54	-0.05655758
4.55	0.0510973
4.56	-0.064227
4.57	0.09958763
4.58	-0.01444219
4.59	0.01607338
4.6	0.0007672173
4.61	-0.01486409
4.62	0.03203925
4.63	0.02113809
4.64	0.03611395
4.65	0.08070534
4.66	-0.09230756
4.67	0.06997783
4.68	-0.01665121
4.69	0.02467828
4.7	0.0296542
4.71	0.03347134
4.72	0.006860657
4.73	-0.006760931
4.74	0.01957378
4.75	0.02567356
4.76	-0.0407249
4.77	0.1044963
4.78	-0.01779049
4.79	0.1073575
4.8	0.05230423
4.81	0.0003538863
4.82	-0.02629077
4.83	0.06811531
4.84	-0.02465381
4.85	-0.03445092
4.86	0.03463435
4.87	-0.07466502
4.88	0.02595488
4.89	0.003664774
4.9	-0.1046603
4.91	0.05694926
4.92	0.0666028
4.93	-0.06055788
4.94	-0.01597263
4.95	0.1040736
4.96	0.00755485
4.97	-0.04411648
4.98	0.03954138
4.99	0.06344304
5	-0.0989738
5.01	0.1179857
5.02	0.06004958
5.03	-0.02021293
5.04	0.004880989
5.05	0.007091986
5.06	0.006015384
5.07	-0.06866351
5.08	0.09384912
5.09	0.01929398
5.1	-0.03410841
5.11	0.1002485
5.12	-0.2107997
5.13	0.07628089
5.14	-0.05860708
5.15	-0.2029002
5.16	0.1859999
5.17	-0.1573223
5.18	0.1036487
5.19	-0.03455959
5.2	-0.1541581
5.21	0.3058451
5.22	-0.2662854
5.23	0.2121457
5.24	-0.1204021
5.25	0.2498665
5.26	0.01848644
5.27	-0.2575503
5.28	0.3436993
5.29	-0.09617645
5.3	0.09466146
5.31	-0.125929
5.32	-0.07788355
5.33	0.3265721
5.34	-0.2270532
5.35	-0.1110581
5.36	0.3302701
5.37	-0.3660045
5.38	0.2937217
5.39	-0.5724908
5.4	0.4790357
5.41	0.06570888
5.42	-0.3658562
5.43	0.3566528
5.44	-0.179851
5.45	0.1470404
5.46	-0.1244314
5.47	0.01491983
5.48	-0.05662982
5.49	0.2223404
5.5	-0.5154708
5.51	0.4007925
5.52	-0.5034364
5.53	0.4051655
5.54	-0.2959051
5.55	0.4531959
5.56	-0.4173987
5.57	0.2644006
5.58	-0.5634445
5.59	0.2014767
5.6	-0.02472495
5.61	0.02942343
5.62	-0.1540599
5.63	0.3701218
5.64	-0.3932661
5.65	0.5668016
5.66	0.1283962
5.67	-0.7341827
5.68	1.173938
5.69	-0.9798086
5.7	0.8700171
5.71	-0.6416957
5.72	0.2986702
5.73	0.1855335
5.74	-0.05559159
5.75	0.3961367
5.76	-0.3188526
5.77	0.1097656
5.78	0.2450457
5.79	-0.579617
5.8	0.5274506
5.81	-0.5702227
5.82	0.273443
5.83	-0.07852767
5.84	0.08566752
5.85	-0.04246999
5.86	-0.1404759
5.87	0.03417734
5.88	-0.3122309
5.89	0.3255576
5.9	-0.06378057
5.91	0.167102
5.92	0.1879523
5.93	-1.211935
5.94	1.034173
5.95	-0.7026156
5.96	0.1277206
5.97	0.3998687
5.98	-0.4378115
5.99	0.4233644
6	-0.6426102
6.01	0.5925613
6.02	-0.2461382
6.03	-0.3052882
6.04	-0.05259155
6.05	-0.05180663
6.06	0.07691118
6.07	-0.1457384
6.08	0.08441854
6.09	-0.1443507
6.1	0.1046972
6.11	-0.2406949
6.12	0.2352767
6.13	-0.2345421
6.14	0.2622837
6.15	0.07317885
6.16	0.1215085
6.17	-0.3683462
6.18	0.3378188
6.19	-0.3012377
6.2	0.5548182
6.21	-0.633935
6.22	0.3226753
6.23	-0.08479994
6.24	0.2965819
6.25	0.04637473
6.26	-0.6326114
6.27	0.7996443
6.28	-1.025669
6.29	0.898164
6.3	-0.4432535
6.31	0.3540666
6.32	-0.3874895
6.33	0.1681905
6.34	-0.1708216
6.35	-0.08536134
6.36	0.1734774
6.37	-0.3833176
6.38	0.4689168
6.39	-0.2615624
6.4	0.1260509
6.41	0.06600909
6.42	-0.2006379
6.43	0.342254
6.44	-0.2956946
6.45	-0.04403007
6.46	0.3128549
6.47	-0.1149036
6.48	-0.1102649
6.49	0.3878798
6.5	-0.3360296
6.51	-0.1649751
6.52	0.4311112
6.53	-0.3798384
6.54	0.4512078
6.55	-0.3135228
6.56	0.3704968
6.57	-0.1071178
6.58	-0.06535796
6.59	0.2399568
6.6	0.01343525
6.61	0.1079735
6.62	-0.5271675
6.63	0.6474535
6.64	-0.4793926
6.65	0.4422189
6.66	-0.01072362
6.67	-0.3300333
6.68	0.1891642
6.69	-0.1792435
6.7	0.2361365
6.71	-0.4887707
6.72	0.3671887
6.73	-0.2246782
6.74	0.1279397
6.75	-0.1066937
6.76	0.020316
6.77	0.008342485
6.78	0.04034405
6.79	-0.1942462
6.8	0.2110182
6.81	-0.2928627
6.82	0.372573
6.83	-0.283005
6.84	0.2812953
6.85	-0.06968681
6.86	-0.09145837
6.87	0.1855822
6.88	-0.05327198
6.89	0.1725876
6.9	0.04550324
6.91	-0.2018674
6.92	0.2098199
6.93	-0.1867208
6.94	0.2486149
6.95	-0.2207917
6.96	0.1218441
6.97	-0.1180637
6.98	-0.05127982
6.99	-0.003013861
7	0.2537576
7.01	-0.2941386
7.02	0.2769099
7.03	-0.1937023
7.04	0.1867738
7.05	-0.001530129
7.06	-0.1725762
7.07	0.03848678
7.08	-0.026091
7.09	-0.1830422
7.1	0.2372629
7.11	-0.05189584
7.12	-0.09461343
7.13	0.07156052
7.14	-0.2657959
7.15	0.3959116
7.16	-0.5896802
7.17	0.2081985
7.18	-0.09600627
7.19	0.04342835
7.2	0.1944389
7.21	-0.18015
7.22	0.1672834
7.23	0.1326962
7.24	-0.0262133
7.25	-0.006775568
7.26	0.04039987
7.27	-0.1291762
7.28	0.1413756
7.29	-0.2001083
7.3	0.1276218
7.31	0.1591687
7.32	-0.2377691
7.33	0.1965771
7.34	-0.07093329
7.35	0.1203743
7.36	-0.1277291
7.37	-0.1718258
7.38	0.139573
7.39	-0.0272591
7.4	-0.03844843
7.41	-0.08068189
7.42	0.1396586
7.43	-0.06278706
7.44	0.1690158
7.45	-0.2393764
7.46	0.1879784
7.47	-0.1463248
7.48	-0.1460174
7.49	0.1964264
7.5	0.1096236
7.51	-0.07932574
7.52	0.130408
7.53	-0.1299158
7.54	0.1944825
7.55	-0.1217916
7.56	0.1601868
7.57	-0.2215497
7.58	0.09429316
7.59	-0.07648488
7.6	-0.02010365
7.61	-0.1688513
7.62	0.1911397
7.63	-0.08581877
7.64	0.08907658
7.65	-0.03300413
7.66	-0.1748176
7.67	0.1949974
7.68	-0.3566835
7.69	0.183971
7.7	-0.04906622
7.71	-0.02348688
7.72	-0.1055743
7.73	-0.05847312
7.74	0.07294024
7.75	0.1074549
7.76	0.03407085
7.77	-0.06559698
7.78	0.1396922
7.79	-0.02281354
7.8	-0.03442407
7.81	-0.0358985
7.82	-0.01595245
7.83	0.03658312
7.84	0.114463
7.85	-0.2021592
7.86	0.2145281
7.87	-0.2090168
7.88	0.1342063
7.89	-0.2265988
7.9	0.3512558
7.91	-0.3468562
7.92	0.1050785
7.93	-0.05560332
7.94	0.04194509
7.95	0.03539051
7.96	0.03190825
7.97	-0.004316212
7.98	0.1074039
7.99	0.0102188
8	0.06001787
8.01	-0.003491155
8.02	0.06879188
8.03	-0.1791452
8.04	0.1336364
8.05	-0.1069115
8.06	-0.04858938
8.07	0.04343837
8.08	0.0103796
8.09	0.04145663
8.1	-0.1702022
8.11	0.318541
8.12	-0.3744958
8.13	0.4205196
8.14	-0.1583391
8.15	-0.05487383
8.16	-0.006514552
8.17	-0.164116
8.18	0.1204668
8.19	0.01588661
8.2	0.1908699
8.21	-0.02270367
8.22	0.05362021
8.23	-0.02759583
8.24	-0.09763463
8.25	0.2078303
8.26	-0.1774879
8.27	0.06056826
8.28	-0.04560057
8.29	-0.126453
8.3	0.174254
8.31	-0.2301562
8.32	0.2854489
8.33	-0.2877008
8.34	0.1526845
8.35	0.02077177
8.36	0.01447623
8.37	-0.004225915
8.38	0.02819624
8.39	0.1185371
8.4	-0.1422077
8.41	0.02480281
8.42	-0.08266697
8.43	-0.03815991
8.44	0.02677103
8.45	-0.0577768
8.46	0.07699886
8.47	-0.01565333
8.48	-0.04758176
8.49	0.1129096
8.5	-0.03693906
8.51	0.1874716
8.52	0.0331654
8.53	-0.1091277
8.54	0.142822
8.55	-0.07584673
8.56	0.08037552
8.57	0.02385321
8.58	-0.01376158
8.59	-0.05133375
8.6	-0.01640997
8.61	-0.02686869
8.62	-0.1279205
8.63	0.04422776
8.64	-0.0667667
8.65	-0.04521634
8.66	0.01918818
8.67	-0.03559082
8.68	0.07329574
8.69	-0.0506655
8.7	-0.04841436
8.71	-0.006235599
8.72	0.1221084
8.73	-0.03066695
8.74	0.09546257
8.75	-0.07885058
8.76	0.05409168
8.77	0.04660718
8.78	-0.0008868636
8.79	-0.0215443
8.8	0.02335734
8.81	-0.03114104
8.82	-0.1644668
8.83	0.04215303
8.84	-0.1005483
8.85	0.06166145
8.86	0.03247185
8.87	0.04370101
8.88	-0.006828409
8.89	0.07996189
8.9	-0.037239
8.91	-0.006604476
8.92	0.05652938
8.93	-0.019831
8.94	0.0746585
8.95	-0.07478238
8.96	0.122425
8.97	-0.09415339
8.98	0.01178846
8.99	-0.01468322
9	0.06193649
9.01	-0.06657593
9.02	-0.01197003
9.03	0.04634683
9.04	-0.05356014
9.05	0.07528734
9.06	-0.04814957
9.07	0.03081436
9.08	-0.1642892
9.09	0.08579684
9.1	0.09480598
9.11	-0.04500458
9.12	-0.03950281
9.13	0.008636319
9.14	-0.009803108
9.15	0.07859533
9.16	-0.09929352
9.17	0.1052247
9.18	-0.2293056
9.19	0.0433341
9.2	0.005114724
9.21	0.002718104
9.22	0.06646546
9.23	0.07549376
9.24	0.01300625
9.25	0.01666364
9.26	0.006763427
9.27	0.004192868
9.28	0.01872939
9.29	-0.027452
9.3	-0.1531442
9.31	0.08066012
9.32	-0.1044744
9.33	0.05544156
9.34	-0.01632861
9.35	0.01557422
9.36	0.0853483
9.37	-0.01584414
9.38	0.05295141
9.39	-0.02572441
9.4	0.0005602146
9.41	0.07215603
9.42	-0.06914664
9.43	0.131821
9.44	-0.1295965
9.45	0.01833558
9.46	-0.08120041
9.47	-0.0149172
9.48	-0.009934222
9.49	0.02029783
9.5	-0.07506412
9.51	-0.03017416
9.52	0.07974569
9.53	-0.02020735
9.54	-0.04410637
9.55	-0.001413537
9.56	0.07703499
9.57	-0.0136069
9.58	-0.01984608
9.59	-0.03343849
9.6	0.1351655
9.61	-0.1601758
9.62	0.1266066
9.63	-0.0201924
9.64	-0.03361811
9.65	0.1082366
9.66	-0.2324883
9.67	0.1785127
9.68	-0.08922138
9.69	0.07408971
9.7	0.003985331
9.71	-0.1167853
9.72	0.1885199
9.73	-0.2868072
9.74	0.2648637
9.75	-0.1394205
9.76	0.07202326
9.77	0.0360426
9.78	-0.1229843
9.79	0.09712668
9.8	-0.07845784
9.81	-0.006153961
9.82	0.1061778
9.83	-0.08717431
9.84	0.1069143
9.85	-0.04113598
9.86	-0.04202507
9.87	-0.03305747
9.88	0.001141006
9.89	0.018743
9.9	0.02745639
9.91	-0.0190688
9.92	0.04690096
9.93	0.008601485
9.94	-0.07408329
9.95	0.1612161
9.96	-0.07709187
9.97	0.05564889
9.98	0.1098072
9.99	-0.1552962
10	0.08282894
10.01	-0.05092782
10.02	0.0901115
10.03	-0.1471175
10.04	0.1122159
10.05	0.0795911
10.06	-0.1334924
10.07	0.1082073
10.08	-0.005105491
10.09	0.1035339
10.1	-0.1679228
10.11	0.0236133
10.12	-0.002044008
10.13	0.09257723
10.14	0.04435428
10.15	-0.01507457
10.16	0.06432905
10.17	-0.05604243
10.18	-0.04370748
10.19	-0.09010214
10.2	0.1088001
10.21	-0.01409036
10.22	0.04204263
10.23	0.01672255
10.24	0.08198554
10.25	-0.07003359
10.26	0.06592179
10.27	-0.08716508
10.28	0.02867419
10.29	-0.04571629
10.3	-0.1221569
10.31	0.1660369
10.32	-0.1151106
10.33	0.1356766
10.34	-0.04170097
10.35	0.01556555
10.36	-0.0515335
10.37	-0.01482984
10.38	0.02059925
10.39	0.1630723
10.4	0.05377613
10.41	-0.2106054
10.42	0.1829207
10.43	-0.2130882
10.44	0.195934
10.45	-0.1538211
10.46	0.03569627
10.47	0.008006777
10.48	0.09882102
10.49	0.0008605777
10.5	-0.1734917
10.51	0.1218707
10.52	0.04645978
10.53	-0.1379481
10.54	0.1730504
10.55	-0.246664
10.56	0.07640382
10.57	-0.07422422
10.58	-0.03813648
10.59	0.06981432
10.6	0.002006227
10.61	-0.171525
10.62	0.3847236
10.63	-0.7032126
10.64	0.8442654
10.65	-0.4608369
10.66	-0.04981631
10.67	0.1575911
10.68	-0.2550548
10.69	0.4164678
10.7	-0.2120809
10.71	0.01225073
10.72	0.1082888
10.73	-0.1130001
10.74	0.04635673
10.75	0.01520794
10.76	0.04878622
10.77	-0.006518695
10.78	-0.1931699
10.79	0.1905178
10.8	-0.2087947
10.81	0.08504654
10.82	0.1691102
10.83	0.01769308
10.84	0.114368
10.85	-0.188322
10.86	0.0180302
10.87	-0.01731713
10.88	0.1549741
10.89	0.06479868
10.9	-0.1618084
10.91	0.03987458
10.92	-0.09133787
10.93	-0.1020739
10.94	0.2594522
10.95	-0.3062246
10.96	0.2934804
10.97	-0.6529948
10.98	0.749812
10.99	-0.4978455
11	0.05327756
11.01	0.2698474
11.02	-0.6298642
11.03	0.5825171
11.04	0.02787103
11.05	-0.06505568
11.06	0.4729076
11.07	-0.6019411
11.08	0.5681876
11.09	-0.2480213
11.1	-0.03816914
11.11	0.07324938
11.12	-0.2207885
11.13	-0.0297504
11.14	0.2484706
11.15	-0.3241107
11.16	0.1153891
11.17	-0.1583035
11.18	0.1549106
11.19	0.2440504
11.2	-0.572852
11.21	0.528333
11.22	-0.370338
11.23	0.2084797
11.24	-0.2450968
11.25	0.1741054
11.26	0.3985457
11.27	-0.5323655
11.28	0.219293
11.29	0.01081704
11.3	0.1282999
11.31	0.2743874
11.32	0.008240941
11.33	-0.05984662
11.34	0.2766927
11.35	-0.09724534
11.36	0.06932855
11.37	0.006156975
11.38	-0.6189086
11.39	0.645575
11.4	-0.474944
11.41	0.364316
11.42	0.07846291
11.43	-0.3035811
11.44	0.2059026
11.45	-0.4250463
11.46	0.2880086
11.47	-0.09267098
11.48	-0.1280896
11.49	0.4490491
11.5	-0.5042941
11.51	0.417107
11.52	0.1746739
11.53	-0.3827062
11.54	0.4795081
11.55	-0.4926161
11.56	0.5913037
11.57	0.1019228
11.58	-0.5208779
11.59	0.7485847
11.6	-0.5899089
11.61	0.4552566
11.62	-0.2439592
11.63	0.0217371
11.64	-0.07025199
11.65	0.214001
11.66	-0.3840664
11.67	0.6256625
11.68	-0.3995479
11.69	0.3110896
11.7	-0.6230508
11.71	0.5453938
11.72	-0.4121583
11.73	0.3628678
11.74	-0.5364885
11.75	0.2387569
11.76	0.04081344
11.77	0.2317929
11.78	-0.7146363
11.79	0.7443354
11.8	-0.7410827
11.81	0.99453
11.82	-0.5571338
11.83	0.7376297
11.84	-0.3692582
11.85	-0.543701
11.86	0.5797552
11.87	-1.298801
11.88	0.7509099
11.89	0.9767089
11.9	-1.182728
11.91	-0.895151
11.92	1.960081
11.93	-2.637417
11.94	-0.8646382
11.95	2.069068
11.96	-1.625943
11.97	-0.9671563
11.98	1.647558
11.99	-1.020446
12	0.2459951
12.01	0.1118421
12.02	-0.1149484
12.03	0.1490872
12.04	0.07662411
12.05	-0.006357849
12.06	-0.1527456
12.07	0.2405917
12.08	-0.08205223
12.09	0.1631596
12.1	-0.5723757
12.11	0.3992708
12.12	0.09255771
12.13	0.1301394
12.14	-0.08823329
12.15	-0.4966462
12.16	1.082379
12.17	-1.149071
12.18	0.6009173
12.19	-0.010536
12.2	0.09169816
12.21	-0.0563725
12.22	0.1051908
12.23	-0.1704893
12.24	-0.07794209
12.25	0.7542178
12.26	-0.04685868
12.27	-0.275043
12.28	0.1738404
12.29	0.0579895
12.3	-0.5933071
12.31	0.4366069
12.32	-0.2564873
12.33	0.1931
12.34	0.3144635
12.35	-0.1457348
12.36	-0.1850431
12.37	0.3963063
12.38	-0.3530063
12.39	-0.1909485
12.4	0.1483196
12.41	-0.100522
12.42	-0.03739827
12.43	-0.155802
12.44	0.3480824
12.45	0.1381046
12.46	0.04483133
12.47	-0.02396171
12.48	-0.07257689
12.49	0.278652
12.5	-0.1420206
12.51	0.1131775
12.52	-0.01771578
12.53	0.1072488
12.54	-0.5856483
12.55	0.109648
12.56	-0.09690265
12.57	0.2401065
12.58	0.1847757
12.59	-0.006139483
12.6	0.0912385
12.61	-0.2901951
12.62	0.1826519
12.63	-0.1915426
12.64	-0.1034801
12.65	-0.01314883
12.66	0.09718701
12.67	-0.3541489
12.68	0.4528208
12.69	-0.6252806
12.7	0.4992512
12.71	-0.1840248
12.72	0.03434938
12.73	0.01201776
12.74	-0.05374417
12.75	0.2664623
12.76	-0.3656377
12.77	0.1420696
12.78	-0.1288602
12.79	-0.02099672
12.8	-0.1835314
12.81	0.01250855
12.82	-0.02095285
12.83	0.1704892
12.84	-0.06896487
12.85	-0.1368452
12.86	0.2604441
12.87	-0.438828
12.88	0.4040781
12.89	-0.06390034
12.9	0.13932
12.91	-0.01476068
12.92	0.1702926
12.93	-0.06716103
12.94	0.3592515
12.95	-0.5660537
12.96	0.4693762
12.97	0.04614252
12.98	-0.3420188
12.99	0.1812989
13	0.06637635
13.01	-0.0646883
13.02	0.1889979
13.03	-0.2674068
13.04	0.1877598
13.05	0.006273295
13.06	-0.0550686
13.07	0.04409484
13.08	0.02354521
13.09	0.03381067
13.1	-0.1800136
13.11	0.08459778
13.12	0.0475428
13.13	-0.1121099
13.14	0.03591034
13.15	-0.05272967
13.16	0.09135522
13.17	-0.5187828
13.18	0.4865883
13.19	-0.2447846
13.2	0.005641733
13.21	0.1708565
13.22	-0.2151365
13.23	0.1428349
13.24	-0.3684292
13.25	0.2983538
13.26	-0.2236
13.27	0.2199
13.28	-0.07448152
13.29	-0.1671464
13.3	0.1195459
13.31	0.1135391
13.32	0.09433813
13.33	-0.09385498
13.34	0.06257933
13.35	0.1325136
13.36	-0.3068233
13.37	0.1416186
13.38	-0.1487737
13.39	0.3917051
13.4	-0.4587392
13.41	0.1396142
13.42	-0.2767485
13.43	0.1603652
13.44	-0.1529088
13.45	0.1909867
13.46	-0.291679
13.47	0.1832819
13.48	0.03552868
13.49	-0.1713015
13.5	0.1410306
13.51	-0.08871837
13.52	-0.0002962948
13.53	-0.007674124
13.54	-0.02647614
13.55	0.04649982
13.56	0.2722793
13.57	-0.2213423
13.58	0.08884524
13.59	-0.07636819
13.6	0.2142002
13.61	-0.05628417
13.62	-0.1252123
13.63	0.02881694
13.64	0.01642313
13.65	-0.1215148
13.66	0.1577977
13.67	-0.420043
13.68	0.523674
13.69	-0.2893955
13.7	0.1419589
13.71	0.07098334
13.72	-0.06653333
13.73	0.0245514
13.74	-0.08389225
13.75	0.080249
13.76	-0.1131843
13.77	0.348902
13.78	-0.00625336
13.79	-0.1183851
13.8	0.08111231
13.81	-0.004365783
13.82	-0.09983524
13.83	0.09678639
13.84	-0.2495548
13.85	0.3339839
13.86	-0.4226907
13.87	0.3642714
13.88	-0.2055531
13.89	0.2434863
13.9	-0.2573538
13.91	0.04793362
13.92	0.1913924
13.93	-0.3500281
13.94	0.2769121
13.95	-0.3429241
13.96	0.1871287
13.97	-0.07324511
13.98	0.1054604
13.99	-0.2575249
14	0.3347798
14.01	-0.08804423
14.02	-0.03429868
14.03	0.1016175
14.04	-0.3290481
14.05	0.325149
14.06	-0.2017851
14.07	-0.01315432
14.08	0.04488965
14.09	-0.04028809
14.1	0.00837451
14.11	-0.04331574
14.12	-0.02238731
14.13	0.007030141
14.14	0.04917984
14.15	-0.061235
14.16	0.07327989
14.17	0.149031
14.18	-0.2204743
14.19	0.1668525
14.2	-0.2401015
14.21	0.07016255
14.22	-0.07053681
14.23	0.2480106
14.24	-0.2657164
14.25	0.2517698
14.26	-0.09817456
14.27	-0.01186881
14.28	0.1187383
14.29	-0.204265
14.3	0.1386853
14.31	-0.1131411
14.32	0.002208203
14.33	-0.04068582
14.34	0.07359973
14.35	0.04475544
14.36	-0.09681734
14.37	-0.02441656
14.38	0.06862976
14.39	-0.1773522
14.4	-0.09603619
14.41	0.01134469
14.42	0.1818811
14.43	-0.07710722
14.44	-0.009108743
14.45	-0.018894
14.46	0.09822916
14.47	-0.07196482
14.48	0.3200352
14.49	-0.2409438
14.5	0.1703987
14.51	-0.2024615
14.52	0.09504884
14.53	-0.0801401
14.54	-0.09947754
14.55	0.0357832
14.56	-0.2187801
14.57	0.2517954
14.58	0.0897908
14.59	-0.160005
14.6	0.1832939
14.61	-0.03306101
14.62	-0.1091399
14.63	0.2513467
14.64	-0.2653978
14.65	0.039348
14.66	0.1845532
14.67	-0.1984811
14.68	0.1725997
14.69	-0.03239019
14.7	-0.01755028
14.71	0.1412587
14.72	-0.3816573
14.73	0.2997096
14.74	0.04210184
14.75	0.1129302
14.76	-0.3489431
14.77	0.1136565
14.78	-0.3290018
14.79	0.4735641
14.8	-0.4726695
14.81	0.1324294
14.82	0.05184671
14.83	0.05845838
14.84	0.1272653
14.85	0.0298995
14.86	-0.04393575
14.87	0.07439015
14.88	-0.06718793
14.89	0.1855993
14.9	-0.4355107
14.91	0.3639867
14.92	-0.2103379
14.93	-0.06844537
14.94	0.2497964
14.95	-0.2951212
14.96	0.1753338
14.97	0.004199542
14.98	-0.04586651
14.99	-0.004513021
15	-0.06586958
15.01	0.0659408
15.02	-0.04660201
15.03	-0.09171179
15.04	0.1526564
15.05	-0.1094489
15.06	-0.1594133
15.07	0.3381918
15.08	-0.08725451
15.09	-0.1121103
15.1	0.3317494
15.11	-0.3072168
15.12	0.3141848
15.13	-0.1798621
15.14	0.05123522
15.15	0.0590935
15.16	-0.06605965
15.17	-0.2557559
15.18	0.1001702
15.19	-0.07923079
15.2	0.1704462
15.21	-0.2700146
15.22	0.12444
15.23	0.09805423
15.24	0.04553536
15.25	-0.1134556
15.26	0.06716432
15.27	0.08853298
15.28	-0.1135193
15.29	0.0008122121
15.3	0.1265617
15.31	-0.1314105
15.32	0.211129
15.33	-0.06108394
15.34	0.0163053
15.35	-0.00932189
15.36	0.0003000428
15.37	0.1131173
15.38	-0.01656543
15.39	-0.1780227
15.4	0.3011854
15.41	-0.3614778
15.42	0.1171293
15.43	-0.09661546
15.44	0.02326342
15.45	0.09490731
15.46	-0.1147666
15.47	0.02125812
15.48	0.06675016
15.49	0.0363285
15.5	0.1959507
15.51	-0.3856138
15.52	0.2568878
15.53	-0.07153006
15.54	-0.02104872
15.55	-0.1583946
15.56	0.08193435
15.57	-0.150845
15.58	0.3313962
15.59	-0.2006543
15.6	0.186694
15.61	-0.02588703
15.62	0.04433107
15.63	0.09952991
15.64	-0.1177579
15.65	0.1685315
15.66	-0.02476003
15.67	-0.09781801
15.68	0.2058346
15.69	-0.370417
15.7	0.2775493
15.71	-0.006940161
15.72	-0.2630371
15.73	0.3602197
15.74	-0.4362936
15.75	0.3903645
15.76	-0.2770774
15.77	0.2178494
15.78	-0.2361534
15.79	0.3293049
15.8	-0.1504238
15.81	0.1676012
15.82	-0.1082561
15.83	0.1179635
15.84	-0.04711662
15.85	0.1084757
15.86	0.03321365
15.87	0.0496287
15.88	-0.03123442
15.89	-0.1205452
15.9	0.09515186
15.91	-0.03084881
15.92	-0.08887972
15.93	0.0629294
15.94	-0.005746591
15.95	-0.08619924
15.96	0.009912466
15.97	0.0754873
15.98	-0.2036727
15.99	0.1908481
16	-0.2803253
16.01	0.2835482
16.02	-0.3038591
16.03	0.1733305
16.04	-0.1095617
16.05	0.1155116
16.06	-0.03658879
16.07	0.01095122
16.08	-0.05079877
16.09	0.187111
16.1	-0.126648
16.11	0.1301583
16.12	-0.0320868
16.13	0.1030508
16.14	-0.2730966
16.15	0.3365851
16.16	-0.4182504
16.17	0.2076681
16.18	-0.189905
16.19	-0.02252289
16.2	0.1285383
16.21	-0.1328545
16.22	0.2330887
16.23	0.06140812
16.24	-0.02902658
16.25	-0.05030977
16.26	0.1102278
16.27	-0.0976837
16.28	0.01383918
16.29	-0.1294557
16.3	-0.09674677
16.31	0.07619131
16.32	-0.04412668
16.33	-0.02744077
16.34	0.1172327
16.35	0.04528649
16.36	-0.1631518
16.37	0.3762852
16.38	-0.2279669
16.39	0.1166034
16.4	0.115084
16.41	-0.09393017
16.42	0.06616611
16.43	-0.1206576
16.44	0.0469222
16.45	0.1208283
16.46	-0.2371449
16.47	0.03740184
16.48	-0.003607277
16.49	-0.06251167
16.5	0.2050439
16.51	-0.199314
16.52	0.1552382
16.53	-0.3458941
16.54	0.2066299
16.55	-0.1158992
16.56	0.01959216
16.57	0.1353756
16.58	-0.1645337
16.59	0.2002235
16.6	-0.03192689
16.61	-0.0272297
16.62	0.07711852
16.63	-0.02024231
16.64	0.02478737
16.65	0.03894486
16.66	-0.06004512
16.67	0.1109522
16.68	-0.1631274
16.69	0.1954484
16.7	-0.08439195
16.71	-0.03785203
16.72	0.07573858
16.73	-0.1224405
16.74	0.01356425
16.75	-0.1716196
16.76	0.1255073
16.77	-0.1886275
16.78	0.1048613
16.79	-0.05321707
16.8	-0.04199934
16.81	0.110407
16.82	0.07317797
16.83	0.05114113
16.84	0.002431323
16.85	-0.07588366
16.86	0.1575802
16.87	0.0119727
16.88	0.01008754
16.89	0.05004196
16.9	-0.03983669
16.91	-0.00501419
16.92	0.002528802
16.93	0.003028123
16.94	0.1137548
16.95	-0.03885609
16.96	0.03983309
16.97	-0.1084632
16.98	-0.0005036919
16.99	0.05579385
17	-0.1108813
17.01	0.09398565
17.02	-0.1821248
17.03	0.1100123
17.04	-0.2087131
17.05	0.1373713
17.06	-0.09721375
17.07	0.1108474
17.08	0.00483896
17.09	-0.02550942
17.1	0.136749
17.11	-0.20169
17.12	0.08697579
17.13	-0.149751
17.14	0.1033817
17.15	-0.006722152
17.16	-0.0621103
17.17	0.02940003
17.18	0.04708398
17.19	0.05595315
17.2	-0.02648539
17.21	0.04309025
17.22	-0.1575102
17.23	0.09536717
17.24	-0.09734555
17.25	0.1055619
17.26	-0.06810308
17.27	-0.008130632
17.28	-0.03578746
17.29	0.005538752
17.3	0.02324092
17.31	0.08174036
17.32	0.002588629
17.33	0.09257969
17.34	-0.1725512
17.35	0.1625011
17.36	-0.02791191
17.37	0.02887552
17.38	0.007358874
17.39	-0.05283486
17.4	0.02783012
17.41	0.01821115
17.42	-0.01698849
17.43	0.03980369
17.44	0.02263503
17.45	0.04253273
17.46	0.05621256
17.47	-0.01320397
17.48	-0.04908904
17.49	-0.05883341
17.5	0.005825832
17.51	-0.0763897
17.52	0.0472025
17.53	-0.0708034
17.54	0.08897389
17.55	-0.08349753
17.56	0.1029853
17.57	0.02842068
17.58	-0.007271454
17.59	0.05155581
17.6	-0.09099807
17.61	-0.02830387
17.62	0.006695459
17.63	-0.04474673
17.64	0.07394985
17.65	-0.1623233
17.66	0.002661551
17.67	-0.006504168
17.68	0.01618013
17.69	-0.0244242
17.7	-0.01566331
17.71	-0.04819344
17.72	-0.008197344
17.73	0.04163311
17.74	-0.001961139
17.75	0.09916791
17.76	0.03232029
17.77	0.01021283
17.78	-0.05180363
17.79	0.1185548
17.8	-0.03033021
17.81	0.08468901
17.82	-0.05969236
17.83	-0.007851682
17.84	0.03369351
17.85	-0.05008973
17.86	-0.01734223
17.87	0.02098452
17.88	-0.02375518
17.89	0.003816167
17.9	-0.034816
17.91	0.02412389
17.92	0.01245265
17.93	0.02007171
17.94	0.02091404
17.95	-0.052293
17.96	0.0491405
17.97	-0.06350501
17.98	0.07287221
17.99	-0.01653013
18	-0.01622843
18.01	-0.0596262
18.02	-0.03496062
18.03	0.04161901
18.04	-0.07652273
18.05	-0.00173996
18.06	-0.09696209
18.07	0.02966054
18.08	-0.01894907
18.09	0.1007826
18.1	-0.0004458645
18.11	0.06279744
18.12	0.03153922
18.13	-0.02673958
18.14	0.02900617
18.15	0.09885259
18.16	-0.1194435
18.17	0.0728314
18.18	-0.1641888
18.19	0.1364806
18.2	-0.1201758
18.21	0.01304328
18.22	-0.001876315
18.23	-0.05417424
18.24	-0.06288933
18.25	0.08706587
18.26	-0.1146899
18.27	0.1754978
18.28	-0.04942721
18.29	0.05378806
18.3	0.005213041
18.31	-0.1029866
18.32	0.06863115
18.33	-0.07459515
18.34	0.07318429
18.35	-0.202221
18.36	0.1745235
18.37	-0.07010266
18.38	0.03451762
18.39	-0.02530848
18.4	-0.09008351
18.41	0.2265851
18.42	-0.2068279
18.43	0.09006641
18.44	0.03324179
18.45	-0.04763827
18.46	0.09828321
18.47	-0.1298243
18.48	0.1190544
18.49	-0.02417229
18.5	-0.03433682
18.51	-0.02330147
18.52	0.1628167
18.53	-0.02072417
18.54	0.006655164
18.55	0.03189204
18.56	0.004040041
18.57	-0.1148969
18.58	0.03747547
18.59	0.02504962
18.6	-0.0373932
18.61	-0.1010174
18.62	0.04008975
18.63	-0.05993444
18.64	-0.0009806468
18.65	0.1302145
18.66	-0.01873321
18.67	-0.009734387
18.68	-0.07007287
18.69	0.0901796
18.7	0.01424249
18.71	0.05673669
18.72	-0.03871258
18.73	0.09120882
18.74	-0.1491442
18.75	0.04770851
18.76	-0.005643217
18.77	0.08038438
18.78	-0.09855401
18.79	0.1003146
18.8	-0.0001159135
18.81	-0.09781422
18.82	0.1586736
18.83	-0.2025322
18.84	0.158573
18.85	-0.1819896
18.86	-0.01253882
18.87	0.0831024
18.88	-0.03112848
18.89	0.05880228
18.9	-0.07276145
18.91	-0.04021937
18.92	0.001949268
18.93	0.02609198
18.94	-0.06040949
18.95	0.02764294
18.96	-0.1029138
18.97	0.1908419
18.98	-0.1118077
18.99	0.05324753
19	0.02078378
19.01	0.04522423
19.02	-0.09771889
19.03	-0.01779847
19.04	0.06147991
19.05	0.05478194
19.06	0.001102853
19.07	-0.002990169
19.08	0.08663941
19.09	-0.1471532
19.1	0.1718097
19.11	-0.006800709
19.12	-0.02755481
19.13	-0.03789048
19.14	-0.02229248
19.15	-0.02349959
19.16	-0.009712717
19.17	-0.003674096
19.18	-0.02043391
19.19	0.08478436
19.2	-0.1022476
19.21	0.1323287
19.22	-0.2161969
19.23	0.1640884
19.24	-0.07898317
19.25	-0.02127821
19.26	0.05137547
19.27	-0.0305222
19.28	0.06068238
19.29	-0.03676596
19.3	0.001652956
19.31	-0.03128016
19.32	0.04578362
19.33	-0.05440453
19.34	0.01793252
19.35	-0.07030706
19.36	0.1197252
19.37	-0.06109634
19.38	0.07751443
19.39	0.02926516
19.4	0.01308932
19.41	-0.04947819
19.42	0.07335762
19.43	-0.0229542
19.44	0.08565885
19.45	-0.1201882
19.46	0.1389016
19.47	-0.05935408
19.48	-0.01447704
19.49	-0.02598491
19.5	-0.03718274
19.51	0.01890508
19.52	-0.0105613
19.53	0.008410688
19.54	-0.02939418
19.55	-0.04176559
19.56	0.04330799
19.57	-0.019918
19.58	0.01025119
19.59	-0.0103812
19.6	-0.02377375
19.61	-0.02195031
19.62	-0.03061619
19.63	-0.009970754
19.64	-0.04616719
19.65	0.04436516
19.66	-0.0548575
19.67	0.1500443
19.68	-0.1572306
19.69	0.1659203
19.7	-0.1079126
19.71	0.05208582
19.72	0.03000544
19.73	0.004463094
19.74	0.009574743
19.75	-0.0002620977
19.76	-0.008595943
19.77	-0.04046406
19.78	0.03095783
19.79	-0.07787312
19.8	0.1029015
19.81	0.01136885
19.82	0.01303983
19.83	0.02336118
19.84	-0.0076885
19.85	-0.07591347
19.86	-0.0123439
19.87	0.010279
19.88	-0.01577339
19.89	0.04690214
19.9	-0.01116678
19.91	0.001262711
19.92	-0.0005909052
19.93	0.04364578
19.94	8.741915e-05
19.95	0.0416727
19.96	-0.07896336
19.97	0.0806473
19.98	-0.06849918
19.99	0.04837392
20	-0.03855782
20.01	-0.03889229
20.02	0.06079627
20.03	-0.05752252
20.04	0.06603378
20.05	-0.02447006
20.06	-0.01114161
20.07	0.04650315
20.08	-0.03014254
20.09	-0.01895391
20.1	0.02506531
20.11	-0.02242662
20.12	-0.04009319
20.13	0.03694444
20.14	0.008206889
20.15	0.003182046
20.16	0.05840636
20.17	-0.01236078
20.18	-0.01874387
20.19	0.0449865
20.2	-0.07926266
20.21	0.07794417
20.22	-0.08844283
20.23	-0.03344801
20.24	0.003514662
20.25	-0.02574645
20.26	0.006995398
20.27	0.02569146
20.28	0.01707885
20.29	0.0205046
20.3	0.008928754
20.31	0.03599263
20.32	-0.01064671
20.33	-0.008384158
20.34	-0.02621968
20.35	-0.02121994
20.36	0.02832191
20.37	-0.008097075
20.38	0.01754964
20.39	-0.02226911
20.4	0.00392785
20.41	-0.005477782
20.42	-0.02688675
20.43	0.06834568
20.44	-0.01124897
20.45	-0.02304553
20.46	0.03244494
20.47	-0.04299595
20.48	0.01006149
20.49	-0.01161475
20.5	-0.01315246
20.51	-0.02294228
20.52	0.05363707
20.53	-0.0135113
20.54	0.03082485
20.55	-0.02699401
20.56	0.08479257
20.57	-0.07318918
20.58	0.04517138
20.59	-0.01089573
20.6	0.03164536
20.61	-0.04514574
20.62	0.09851689
20.63	-0.07690909
20.64	0.04289496
20.65	-0.01785749
20.66	-0.0453176
20.67	0.02929478
20.68	-0.06430464
20.69	0.03856278
20.7	0.01698444
20.71	0.01428163
20.72	0.03049693
20.73	-0.08257814
20.74	0.006697021
20.75	-0.04400484
20.76	-0.008017079
20.77	0.0122153
20.78	0.03117726
20.79	-0.03241024
20.8	0.01068936
20.81	0.0230185
20.82	0.04524444
20.83	-0.008896139
20.84	0.02727149
20.85	0.01630135
20.86	0.04339165
20.87	-0.06326934
20.88	0.03565654
20.89	-0.04196687
20.9	-0.01913848
20.91	-0.006366394
20.92	-0.04059154
20.93	0.06796185
20.94	-0.04312877
20.95	0.06468103
20.96	-0.03611676
20.97	0.01665077
20.98	0.006049565
20.99	-0.07978854
21	0.003339811
21.01	0.01489564
21.02	0.008627966
21.03	-0.01046124
21.04	-0.04090011
21.05	0.01643034
21.06	-0.02483698
21.07	0.02752501
21.08	-0.03351531
21.09	0.03369978
21.1	-0.05565118
21.11	0.0322487
21.12	-0.02984209
21.13	0.08412787
21.14	-0.04047846
21.15	0.006323882
21.16	0.03128597
21.17	-0.01471465
21.18	0.02324244
21.19	-0.0716202
21.2	0.0575435
21.21	-0.05508067
21.22	0.01619103
21.23	-0.03764936
21.24	0.01832101
21.25	-0.0351634
21.26	0.04144421
21.27	0.005828053
21.28	-0.002334852
21.29	0.01995838
21.3	0.05445917
21.31	-0.01921331
21.32	-0.01083846
21.33	0.03377935
21.34	0.05219049
21.35	0.02578248
21.36	-0.05216401
21.37	0.072743
21.38	0.02845749
21.39	-0.04378632
21.4	-0.04152978
21.41	0.02986091
21.42	-0.05367818
21.43	0.01261446
21.44	-0.01902667
21.45	0.0007074896
21.46	0.03152592
21.47	-0.04095024
21.48	-0.007117944
21.49	-0.03153118
21.5	0.02590771
21.51	-0.07268552
21.52	-0.006552545
21.53	-0.007431372
21.54	-0.01220814
21.55	-0.07300254
21.56	0.01019352
21.57	-0.03581368
21.58	0.02075018
21.59	-0.07402086
21.6	0.06536439
21.61	0.01475106
21.62	0.01548665
21.63	-0.00441411
21.64	0.06965869
21.65	-0.02264602
21.66	0.0690768
21.67	0.02800903
21.68	0.03512544
21.69	0.02337829
21.7	-0.01350271
21.71	0.07010665
21.72	-0.07204887
21.73	-0.02133619
21.74	0.00112937
21.75	-0.01919269
21.76	0.01856829
21.77	-0.02119433
21.78	0.06503268
21.79	-0.005139929
21.8	0.008012933
21.81	-0.02891779
21.82	0.0006314325
21.83	0.04872661
21.84	-0.09456596
21.85	0.02939473
21.86	0.0397765
21.87	0.003861197
21.88	0.03484816
21.89	-0.1044047
21.9	0.0734477
21.91	-0.05977417
21.92	-0.01507621
21.93	0.01615786
21.94	-0.03798695
21.95	0.1181864
21.96	-0.05108228
21.97	0.04989275
21.98	-0.03650119
21.99	-0.01310472
22	-0.006921697
22.01	0.03290021
22.02	0.01251183
22.03	0.00733311
22.04	-0.02319313
22.05	0.07344762
22.06	-0.09216194
22.07	0.07709653
22.08	-0.004223797
22.09	-0.0001866369
22.1	-0.01027213
22.11	0.04260949
22.12	0.02219174
22.13	-0.03942358
22.14	0.01408416
22.15	0.03490218
22.16	-0.04079465
22.17	-0.01082873
22.18	-0.05347555
22.19	0.005458956
22.2	0.04092352
22.21	0.0004477173
22.22	-0.01629355
22.23	0.05047292
22.24	-0.07356379
22.25	0.04442906
22.26	-0.0383033
22.27	-0.05703053
22.28	0.01128508
22.29	0.01813346
22.3	0.01668842
22.31	0.004574488
22.32	0.004703695
22.33	0.05685544
22.34	-0.03835119
22.35	0.02587623
22.36	-0.03911862
22.37	0.02923001
22.38	-0.04481202
22.39	-0.02142755
22.4	0.04396145
22.41	-0.0691901
22.42	0.03366855
22.43	0.02802656
22.44	-0.06504481
22.45	0.01690989
22.46	-0.01452116
22.47	0.008956498
22.48	0.03746067
22.49	-0.04462618
22.5	0.03364021
22.51	-0.01605218
22.52	-0.06902308
22.53	0.08692881
22.54	-0.1027654
22.55	0.1255551
22.56	-0.0294318
22.57	0.02712419
22.58	0.001889686
22.59	0.04456684
22.6	-0.017092
22.61	-0.01990761
22.62	-0.00121823
22.63	0.01895028
22.64	-0.01939331
22.65	0.003479797
22.66	-0.01644631
22.67	0.02407303
22.68	-0.01590568
22.69	0.02271657
22.7	-0.05946155
22.71	0.00442544
22.72	-0.01415037
22.73	0.02238094
22.74	-0.00418659
22.75	0.007798539
22.76	-0.01488145
22.77	-0.05220119
22.78	0.05395597
22.79	-0.09266279
22.8	0.02038677
22.81	-0.02410312
22.82	-0.01643998
22.83	0.05882315
22.84	-0.0243119
22.85	0.04032453
22.86	-0.036656
22.87	0.02673928
22.88	-0.001499591
22.89	-0.008377958
22.9	0.02872138
22.91	-0.007996204
22.92	0.02007078
22.93	0.008311579
22.94	3.235433e-06
22.95	0.04698321
22.96	-0.009029347
22.97	-0.01941968
22.98	0.001664047
22.99	0.01463047
23	-0.02931449
23.01	-0.03034601
23.02	0.02207438
23.03	-0.007973745
23.04	-0.005830262
23.05	0.006238613
23.06	-0.007373696
23.07	-0.02516357
23.08	0.01563604
23.09	-0.0290788
23.1	0.01444307
23.11	-0.0382581
23.12	-0.01114786
23.13	-0.007474382
23.14	-0.04296775
23.15	0.04320841
23.16	-0.06041609
23.17	0.0648494
23.18	-0.04331885
23.19	0.05044388
23.2	-0.003813955
23.21	0.02753376
23.22	-0.01934101
23.23	-0.009280358
23.24	0.001196633
23.25	-0.0447481
23.26	0.02383021
23.27	-0.06258004
23.28	0.07216584
23.29	-0.04704228
23.3	0.04631885
23.31	0.04304843
23.32	0.003916945
23.33	0.0128992
23.34	0.03448576
23.35	-0.00893828
23.36	0.006266356
23.37	-0.01854506
23.38	0.01538734
23.39	-0.02150202
23.4	-0.0211959
23.41	0.001274082
23.42	-0.01922739
23.43	-0.005413493
23.44	-0.03029606
23.45	-0.002465817
23.46	-0.002025482
23.47	0.01638953
23.48	-0.03502323
23.49	0.03345915
23.5	-0.04045493
23.51	0.03632199
23.52	-0.0445865
23.53	0.02588913
23.54	-0.004553929
23.55	-0.01204048
23.56	0.03954878
23.57	-0.005341819
23.58	0.001623287
23.59	-0.03135545
23.6	0.0424747
23.61	-0.0120043
23.62	0.009030036
23.63	0.0238578
23.64	-0.02426449
23.65	0.02235575
23.66	-0.08825754
23.67	0.03974139
23.68	-0.02896239
23.69	-0.001206349
23.7	-0.02126983
23.71	-0.01418746
23.72	0.03930808
23.73	-0.02319809
23.74	0.001784555
23.75	-0.01199107
23.76	0.01818034
23.77	0.02681094
23.78	-0.01959628
23.79	0.02839233
23.8	0.008088602
23.81	-0.005262081
23.82	0.01698573
23.83	-0.01186234
23.84	0.03103866
23.85	-0.007638905
23.86	0.01667086
23.87	0.00566532
23.88	-0.002036105
23.89	0.01689879
23.9	-0.02577085
23.91	0.03291936
23.92	-0.005863218
23.93	0.004465823
23.94	-0.01635006
23.95	-0.0221569
23.96	-0.0256737
23.97	0.01501822
23.98	-0.01176441
23.99	0.005516325
24	0.0154714
24.01	-0.01362352
24.02	-0.008235434
24.03	-0.01887696
24.04	-0.01116992
24.05	-0.02897868
24.06	0.0004857845
24.07	0.0003245112
24.08	-0.0241234
24.09	0.007289227
24.1	-0.0162324
24.11	0.01831793
24.12	-0.001270515
24.13	0.01995469
24.14	0.02389096
24.15	0.02080599
24.16	0.0140107
24.17	0.000574426
24.18	0.02989949
24.19	-0.01064087
24.2	0.01567527
24.21	-0.0256134
24.22	0.04114895
24.23	-0.009157978
24.24	0.00705386
24.25	0.01249889
24.26	-0.01270974
24.27	-0.01070769
24.28	-0.03808577
24.29	-0.03255095
24.3	-0.01701764
24.31	-0.03346631
24.32	-0.00719831
24.33	-0.0347792
24.34	0.03308197
24.35	-0.02360333
24.36	0.02521451
24.37	0.01578929
24.38	0.02051577
24.39	0.002434092
24.4	0.02384636
24.41	0.003308663
24.42	0.006298544
24.43	-0.0137956
24.44	0.02764988
24.45	-0.0003100277
24.46	0.003531
24.47	0.0007736267
24.48	0.01004947
24.49	0.001246154
24.5	-0.01751488
24.51	0.01213072
24.52	0.005208562
24.53	0.02058297
24.54	0.0004315259
24.55	0.0200177
24.56	0.01020146
24.57	0.01051254
24.58	-0.01710909
24.59	-0.006696571
24.6	0.006161502
24.61	-0.01102685
24.62	-0.02127443
24.63	-0.001168038
24.64	0.009619123
24.65	0.004869312
24.66	-0.004550931
24.67	0.009573443
24.68	0.004983069
24.69	0.01109764
24.7	-0.01253562
24.71	0.0123521
24.72	-0.02549918
24.73	-0.002805461
24.74	-0.01893275
24.75	-0.002636218
24.76	-0.02643921
24.77	-0.01048863
24.78	-0.004326464
24.79	-0.005726527
24.8	0.02132567
24.81	0.01228081
24.82	0.002790815
24.83	-0.01519802
24.84	0.02059397
24.85	-0.01015984
24.86	-0.01974314
24.87	0.005701742
24.88	-0.001556843
24.89	0.01920869
24.9	0.01748018
24.91	0.01942548
24.92	0.002378604
24.93	0.01681049
24.94	-0.01151104
24.95	-0.006821636
24.96	-0.01907563
24.97	0.02007713
24.98	-0.01782042
24.99	-0.01908481
25	-0.007172047
25.01	-0.006551271
25.02	0.02378235
25.03	-0.04101287
25.04	0.01369187
25.05	-0.001592077
25.06	-0.01653137
25.07	0.01842419
25.08	-0.003184695
25.09	0.01346231
25.1	0.002192192
25.11	-0.008535259
25.12	-0.0009366136
25.13	0.02027512
25.14	0.005139489
25.15	0.02155054
25.16	0.002279089
25.17	0.000937291
25.18	0.006440957
25.19	0.00547139
25.2	-0.004442784
25.21	0.01997572
25.22	0.005714132
25.23	0.01701979
25.24	-0.01234044
25.25	0.008639222
25.26	0.01029976
25.27	-0.001843577
25.28	-0.01343073
25.29	0.02343142
25.3	-0.0154257
25.31	-0.001485176
25.32	-0.01039307
25.33	0.006180524
25.34	-0.02275703
25.35	0.01282234
25.36	0.01406671
25.37	-0.02229522
25.38	0.01900151
25.39	-0.02696381
25.4	0.004565683
25.41	-0.001209452
25.42	-0.02357855
25.43	0.007331208
25.44	-0.008229232
25.45	-0.008816741
25.46	-0.01099556
25.47	0.005737518
25.48	-0.01377086
25.49	0.009811009
25.5	-0.02998528
25.51	0.02284446
25.52	-0.00421424
25.53	0.02200072
25.54	-0.007340414
25.55	0.009393907
25.56	-0.01076
25.57	0.01075172
25.58	-0.007588887
25.59	0.03430392
25.6	0.0152068
25.61	-0.01291227
25.62	0.01056096
25.63	-0.01785062
25.64	0.002315572
25.65	0.001994448
25.66	-0.0151644
25.67	-0.008810614
25.68	-0.01157352
25.69	0.008308964
25.7	1.802448e-05
25.71	0.0008688118
25.72	-0.01144974
25.73	0.01184411
25.74	-0.01663805
25.75	0.01795823
25.76	-0.006616602
25.77	0.00442356
25.78	-0.01308891
25.79	0.007605128
25.8	0.01005719
25.81	-0.01408161
25.82	0.005105558
25.83	-0.01053618
25.84	0.006095619
25.85	0.01020052
25.86	0.008513477
25.87	-0.001066496
25.88	0.02151535
25.89	0.008994045
25.9	0.009358446
25.91	0.01381594
25.92	-0.001929522
25.93	-0.005043547
25.94	-0.02863493
25.95	0.007593608
25.96	-0.01853062
25.97	0.0007781204
25.98	0.00319579
25.99	0.00353441
26	-0.001476034
26.01	5.622693e-05
26.02	-0.01738806
26.03	0.002132152
26.04	-0.0204958
26.05	-0.006571029
26.06	-0.006436775
26.07	-0.01153659
26.08	-0.004039711
26.09	-0.01759757
26.1	-0.009208325
26.11	0.002216593
26.12	0.008409404
26.13	-0.00593293
26.14	0.00140373
26.15	0.01261424
26.16	0.001135015
26.17	0.01308302
26.18	0.01097394
26.19	0.01367753
26.2	0.02053215
26.21	-0.01527338
26.22	0.03252928
26.23	-0.01231225
26.24	0.01943269
26.25	-0.001272399
26.26	0.02012122
26.27	0.002747803
26.28	0.008069593
26.29	0.0003340439
26.3	0.01544803
26.31	-0.005102155
26.32	0.005456026
26.33	-0.0258014
26.34	-0.001163194
26.35	-0.009112431
26.36	-0.01092392
26.37	-0.006723492
26.38	-0.01660536
26.39	-0.01473295
26.4	-0.02285204
26.41	-0.002883822
26.42	-0.01181067
26.43	0.004748782
26.44	-0.005294581
26.45	0.006227137
26.46	0.01925851
26.47	0.01283569
26.48	0.002889885
26.49	0.02397986
26.5	-0.007238082
26.51	0.003271089
26.52	0.02833936
26.53	-0.01704002
26.54	0.01165734
26.55	-0.008236547
26.56	-0.0006059764
26.57	-0.004385932
26.58	-0.003808233
26.59	-0.005896009
26.6	-0.003679073
26.61	-0.01468618
26.62	0.0009351954
26.63	-0.008840618
26.64	-0.007404963
26.65	-0.004122595
26.66	-0.02485924
26.67	0.02178763
26.68	-0.01561169
26.69	0.009393149
26.7	-0.01680694
26.71	-0.002155315
26.72	-0.007989043
26.73	0.005806349
26.74	-6.409078e-05
26.75	-0.006447497
26.76	-0.003256273
26.77	0.02218982
26.78	-0.0007713987
26.79	0.009497818
26.8	0.01915588
26.81	0.01290281
26.82	0.007136427
26.83	0.01006765
26.84	0.00575858
26.85	0.00995426
26.86	0.009676507
26.87	-0.009557337
26.88	0.002649192
26.89	0.003877628
26.9	-0.02829144
26.91	-0.01412782
26.92	0.02083023
26.93	-0.01521911
26.94	0.01917516
26.95	-0.001189859
26.96	0.006854091
26.97	-0.008920882
26.98	-0.004227366
26.99	-0.004655132
27	0.0005860313
27.01	-0.009216646
27.02	-0.008702886
27.03	-0.006701214
27.04	0.006426549
27.05	0.003921207
27.06	0.0002218597
27.07	-0.007439717
27.08	0.004620548
27.09	-0.0004873058
27.1	0.0114593
27.11	0.01053014
27.12	0.002181264
27.13	0.01116871
27.14	-0.002863136
27.15	0.007768551
27.16	-0.001327451
27.17	0.004847884
27.18	0.002741655
27.19	-0.01476755
27.2	0.003653504
27.21	-0.01381934
27.22	0.006476959
27.23	-0.008785039
27.24	-7.665981e-05
27.25	-0.01737363
27.26	-0.009396584
27.27	-0.006648584
27.28	-0.005129892
27.29	0.004293858
27.3	0.007252341
27.31	0.0003576139
27.32	0.007061716
27.33	0.007511432
27.34	0.003414143
27.35	0.002074219
27.36	0.004215049
27.37	-0.009294744
27.38	0.002490621
27.39	-0.0003534647
27.4	-0.005657695
27.41	0.007703663
27.42	-0.007104883
27.43	0.001820415
27.44	-0.00267005
27.45	0.004020421
27.46	0.002711544
27.47	-0.004403751
27.48	0.003042789
27.49	0.003578147
27.5	-0.008724866
27.51	-0.004730408
27.52	-0.0007482614
27.53	0.01458454
27.54	-0.002815015
27.55	0.01855218
27.56	0.003269448
27.57	0.01015428
27.58	0.005080132
27.59	0.0149566
27.6	0.01104055
27.61	0.01152167
27.62	0.01116034
27.63	0.008942189
27.64	0.0001502072
27.65	0.005349715
27.66	-0.0005528865
27.67	0.00361156
27.68	-0.003238277
27.69	0.004998277
27.7	0.003891265
27.71	-0.0005652284
27.72	-0.003980921
27.73	-0.006453089
27.74	-0.009544727
27.75	-0.006068939
27.76	-0.0154567
27.77	0.00272419
27.78	-0.01474718
27.79	0.004911228
27.8	-0.01408662
27.81	-0.01356542
27.82	-0.0150501
27.83	-0.005030244
27.84	-0.01386863
27.85	-0.001016379
27.86	-0.001920963
27.87	-0.003591776
27.88	0.003908512
27.89	-0.009816652
27.9	0.005405674
27.91	-0.0127446
27.92	0.003410408
27.93	-0.005311977
27.94	0.01639976
27.95	0.007065763
27.96	0.006964709
27.97	0.003144201
27.98	-0.0009537149
27.99	-0.002804595
28	0.01136725
28.01	3.55258e-05
28.02	0.001687631
28.03	0.00159308
28.04	-0.004388279
28.05	0.001548193
28.06	0.008984529
28.07	0.004536742
28.08	0.00569943
28.09	0.01083985
28.1	0.02157881
28.11	-0.002422499
28.12	0.0005735634
28.13	0.004262206
28.14	-0.008053979
28.15	-0.003029623
28.16	-0.003203281
28.17	-0.004071482
28.18	0.006344829
28.19	-0.007406724
28.2	0.007867184
28.21	-0.002011132
28.22	-0.004317871
28.23	0.003332716
28.24	0.00310043
28.25	3.229306e-05
28.26	0.002765244
28.27	-0.006834271
28.28	0.00244552
28.29	-0.005490688
28.3	-0.006285998
28.31	0.007060937
28.32	-0.0001445756
28.33	-0.003574068
28.34	0.0008094112
28.35	0.006633709
28.36	-0.007346741
28.37	0.005898198
28.38	0.005803635
28.39	-0.007618994
28.4	0.005564967
28.41	-0.01377633
28.42	-0.009222628
28.43	0.001304516
28.44	-0.01425874
28.45	-0.004763934
28.46	-0.009328535
28.47	-0.0005070932
28.48	-0.006821825
28.49	-0.009390902
28.5	0.0021854
28.51	0.004123489
28.52	0.01005524
28.53	0.006417369
28.54	0.004404189
28.55	0.002262382
28.56	0.008622339
28.57	0.01033951
28.58	0.007186336
28.59	0.001546652
28.6	0.01444853
28.61	0.0002775197
28.62	0.01357344
28.63	0.004995252
28.64	-0.00309764
28.65	-0.003417852
28.66	-0.0034505
28.67	-0.01756994
28.68	0.004412667
28.69	-0.005015745
28.7	-0.0005294311
28.71	0.005655598
28.72	-0.005008117
28.73	0.02175335
28.74	0.007459321
28.75	-0.01231776
28.76	0.003785963
28.77	0.0002477701
28.78	-0.01587439
28.79	-0.006355573
28.8	0.008686556
28.81	-0.01290323
28.82	0.001451033
28.83	0.0004034425
28.84	-0.01101407
28.85	0.0177559
28.86	-0.01939335
28.87	0.02779262
28.88	-0.02114113
28.89	-0.003905884
28.9	2.673059e-05
28.91	0.003087224
28.92	0.006199071
28.93	-0.003340581
28.94	0.0025087
28.95	0.006556028
28.96	-0.0007113981
28.97	0.01730017
28.98	-0.02195854
28.99	0.004641268
29	0.004446492
29.01	-0.005477757
29.02	0.00927075
29.03	-0.009034169
29.04	-0.01105404
29.05	0.008431646
29.06	0.001410908
29.07	0.00390101
29.08	0.007907641
29.09	0.0009637478
29.1	-0.008301375
29.11	-0.002301835
29.12	0.00588646
29.13	0.006167412
29.14	-0.002307789
29.15	0.001541643
29.16	0.005153748
29.17	0.0004374876
29.18	-0.00561757
29.19	0.0101374
29.2	-0.0009287147
29.21	-0.01019343
29.22	0.01519705
29.23	-0.001769656
29.24	-0.0004551091
29.25	0.01064423
29.26	0.005767264
29.27	0.004127755
29.28	0.006566824
29.29	0.008039217
29.3	-0.001134266
29.31	-0.007851192
29.32	-0.005028424
29.33	0.0008287771
29.34	-0.01303383
29.35	-0.0005577635
29.36	0.002129736
29.37	-0.01038722
29.38	0.0004122949
29.39	0.01221126
29.4	6.041017e-05
29.41	-0.004288215
29.42	0.0006595019
29.43	-0.005654453
29.44	-0.0005141367
29.45	-0.004117137
29.46	-0.0006699889
29.47	-0.01139855
29.48	-0.004308626
29.49	-0.002388772
29.5	-0.01414783
29.51	0.0003284013
29.52	0.003521332
29.53	2.414559e-05
29.54	0.001864085
29.55	-0.0007303949
29.56	0.007321829
29.57	0.006696807
29.58	0.007326947
29.59	0.0105341
29.6	0.008140742
29.61	-0.001274853
29.62	0.01522069
29.63	-0.002103729
29.64	0.01310408
29.65	0.004661499
29.66	-0.0005226517
29.67	-0.00166825
29.68	-0.008302198
29.69	-0.004419128
29.7	0.002368423
29.71	-0.0003530492
29.72	-0.01380951
29.73	-0.005114339
29.74	-0.003607641
29.75	-0.01463148
29.76	-0.004735422
29.77	-0.006291644
29.78	-0.001706233
29.79	-0.003373531
29.8	-0.006256823
29.81	0.006064977
29.82	0.0009858521
29.83	-0.01438593
29.84	0.004147322
29.85	0.004644913
29.86	-2.416836e-05
29.87	0.002721013
29.88	0.004048005
29.89	-0.001765338
29.9	-0.004938838
29.91	0.002157082
29.92	0.004767122
29.93	-0.001151
29.94	-0.008281349
29.95	-0.0001622199
29.96	-0.009057333
29.97	-0.003572597
29.98	0.0007290373
29.99	0.007758113
30	-0.0002616304
30.01	0.008184815
30.02	0.006263359
30.03	-0.0003548899
30.04	0.008990033
30.05	0.005293082
30.06	0.009793298
30.07	0.002724476
30.08	0.01021726
30.09	0.006154884
30.1	0.004485349
30.11	-0.003600293
30.12	0.007287942
30.13	0.00505775
30.14	-0.0007548776
30.15	-0.0009734885
30.16	0.01359353
30.17	-0.00292917
30.18	0.00348166
30.19	0.005088663
30.2	0.00435098
30.21	-0.005178565
30.22	-0.001253917
30.23	-0.003021527
30.24	-0.008849851
30.25	0.00353081
30.26	-0.01494483
30.27	-0.01040535
30.28	-0.003525166
30.29	-0.003141412
30.3	-0.006605587
30.31	0.001429598
30.32	0.001811273
30.33	0.008472229
30.34	0.01057097
30.35	0.009319795
30.36	0.01054891
30.37	0.008251999
30.38	-0.003032917
30.39	0.005506379
30.4	-0.006220899
30.41	0.007241929
30.42	0.006890552
30.43	-0.001892534
30.44	0.01014653
30.45	0.005483305
30.46	0.008098132
30.47	-0.01022766
30.48	-0.002540226
30.49	-0.01487976
30.5	-0.01180507
30.51	-0.006641683
30.52	-0.0180616
30.53	-0.009139955
30.54	0.0001349601
30.55	-0.01868446
30.56	-0.001996262
30.57	-0.0008348348
30.58	0.001490271
30.59	0.007801085
30.6	0.01147147
30.61	0.01009042
30.62	0.009145167
30.63	0.00276461
30.64	0.00356622
30.65	-0.0002208923
30.66	-0.00380212
30.67	0.01272715
30.68	-0.0005215027
30.69	0.009275033
30.7	0.002035481
30.71	0.003006698
30.72	-0.004081047
30.73	0.009089412
30.74	-0.001372351
30.75	-0.004837904
30.76	0.003651351
30.77	-0.007406813
30.78	0.001655826
30.79	-0.01634054
30.8	-0.009785995
30.81	-0.00291104
30.82	0.0005836572
30.83	-0.004639443
30.84	-0.002128443
30.85	0.005087938
30.86	-0.0009229786
30.87	-0.003802652
30.88	0.0009468926
30.89	0.008386937
30.9	-0.02113368
30.91	0.01098516
30.92	-0.002520259
30.93	0.0003080716
30.94	-0.005919994
30.95	-0.002910595
30.96	0.003211856
30.97	0.01299299
30.98	0.00287148
30.99	0.01190699
31	0.008838077
31.01	-0.002372706
31.02	-0.002390371
31.03	0.0005905583
31.04	0.004806888
31.05	-0.0004373974
31.06	-0.009883748
31.07	0.009684173
31.08	0.01044022
31.09	0.00782785
31.1	-0.00807755
31.11	0.007281938
31.12	-0.005015665
31.13	-0.002019083
31.14	0.006858839
31.15	-0.007368399
31.16	0.01532825
31.17	0.001071706
31.18	0.004606001
31.19	2.570957e-05
31.2	-0.004146867
31.21	-1.437612e-06
31.22	-0.001328125
31.23	-0.00454102
31.24	0.0002043424
31.25	-0.001349175
31.26	-0.0160924
31.27	0.02175975
31.28	-0.01054291
31.29	-0.01013636
31.3	0.0001932224
31.31	-0.005562176
31.32	-0.01512481
31.33	0.01281866
31.34	-0.005456768
31.35	0.002251414
31.36	-0.0124163
31.37	0.01839758
31.38	-0.003115605
31.39	0.001999361
31.4	0.001727892
31.41	-3.570992e-06
31.42	-0.01891316
31.43	0.008137698
31.44	-0.00975544
31.45	0.002828546
31.46	0.009288989
31.47	-0.0163389
31.48	0.005104011
31.49	0.005071398
31.5	-0.00748816
31.51	0.002445081
31.52	0.006437994
31.53	-0.00534273
31.54	0.00299898
31.55	-0.003329751
31.56	0.001734156
31.57	0.01349613
31.58	-0.009286944
31.59	0.009043395
31.6	0.0001302737
31.61	0.005056229
31.62	-0.003268579
31.63	0.003024996
31.64	0.001655273
31.65	-0.01015947
31.66	0.006089933
31.67	0.001621162
31.68	-0.0003315142
31.69	0.00705003
31.7	-0.001059161
31.71	0.01905892
31.72	0.0002212565
31.73	-0.0006806994
31.74	0.01031317
31.75	0.00808514
31.76	-0.0003074483
31.77	0.00165489
31.78	-0.004028847
31.79	0.003898319
31.8	-0.01130382
31.81	0.003614524
31.82	-0.007096501
31.83	0.002239717
31.84	0.001223397
31.85	-0.001682696
31.86	-0.001815013
31.87	-0.00937023
31.88	6.964295e-06
31.89	-0.00636565
31.9	0.001163698
31.91	0.00142773
31.92	-0.007932523
31.93	-0.004875859
31.94	-0.00772345
31.95	-0.005115767
31.96	-0.01117527
31.97	-0.006494266
31.98	0.005695665
31.99	0.0003711858
32	0.01266061
32.01	-0.002440319
32.02	0.007327846
32.03	0.004195037
32.04	0.01532977
32.05	-0.003407574
32.06	0.004987189
32.07	0.0145635
32.08	-0.002153757
32.09	0.005927405
32.1	0.008631313
32.11	0.001622685
32.12	0.009389541
32.13	-0.0046429
32.14	0.001262778
32.15	0.006998403
32.16	-0.009256926
32.17	-0.009791333
32.18	0.003363407
32.19	-0.004957289
32.2	-0.01059429
32.21	-0.01342278
32.22	-0.008165302
32.23	0.0004949836
32.24	-0.007962737
32.25	-0.006625561
32.26	-8.157325e-06
32.27	-0.0009040409
32.28	-0.00228885
32.29	-0.001597222
32.3	-0.00416641
32.31	-0.001989463
32.32	-0.002648387
32.33	0.001470319
32.34	0.005369135
32.35	0.003489398
32.36	0.002199127
32.37	0.0006147798
32.38	-0.004157041
32.39	0.003149396
32.4	0.0005346826
32.41	-0.003995916
32.42	0.004531264
32.43	-0.006578485
32.44	-0.003522308
32.45	-0.0004678574
32.46	0.008712596
32.47	0.0002078072
32.48	0.006439621
32.49	0.006790524
32.5	0.00140156
32.51	0.002894956
32.52	-0.002566504
32.53	0.00183746
32.54	-0.0001040821
32.55	-0.003041767
32.56	0.006775237
32.57	-0.002014639
32.58	0.002266959
32.59	0.001925051
32.6	0.001550844
32.61	-0.006260053
32.62	0.009430001
32.63	-0.006039018
32.64	-0.001138946
32.65	0.00587585
32.66	0.004771639
32.67	-0.0009349523
32.68	0.001252048
32.69	0.002343854
32.7	-0.002130667
32.71	-0.000472745
32.72	0.003017752
32.73	-0.001602025
32.74	-0.002799218
32.75	-0.002859512
32.76	-0.0004014613
32.77	-0.002717164
32.78	-0.002937065
32.79	0.004350377
32.8	-0.003460965
32.81	-0.002110271
32.82	-0.003593979
32.83	0.003315971
32.84	-0.007837431
32.85	0.005861221
32.86	-0.002249603
32.87	0.00112037
32.88	-8.876737e-05
32.89	-0.003546481
32.9	0.00432677
32.91	0.00143045
32.92	0.01210831
32.93	0.0001878872
32.94	0.01252384
32.95	0.002463716
32.96	0.003820055
32.97	-0.0002586176
32.98	0.004372375
32.99	0.008343732
33	0.003338038
33.01	0.002431109
33.02	0.001921209
33.03	0.002254284
33.04	-0.0004022175
33.05	-0.003619707
33.06	-0.004112289
33.07	-0.000847022
33.08	-0.003089631
33.09	0.0003882056
33.1	-0.002084468
33.11	-0.004889878
33.12	-0.006227746
33.13	-0.006336512
33.14	-0.005530233
33.15	-0.004887559
33.16	-0.0034091
33.17	-0.003263906
33.18	-0.001497109
33.19	-0.00249683
33.2	0.004815459
33.21	0.003862497
33.22	0.0004876578
33.23	0.003107041
33.24	0.007465944
33.25	-0.003012861
33.26	0.0005139644
33.27	0.00330464
33.28	-0.0005645854
33.29	0.0005066032
33.3	0.002384892
33.31	-0.005322587
33.32	0.005923385
33.33	0.002389388
33.34	-0.0005022509
33.35	0.002267346
33.36	0.004245188
33.37	0.00311557
33.38	0.00258139
33.39	0.005105593
33.4	0.001138643
33.41	-0.0003678296
33.42	-0.002868531
33.43	-0.0008246475
33.44	-0.003619342
33.45	0.0007581711
33.46	-0.001804059
33.47	-0.001597342
33.48	-0.002090476
33.49	-0.001143258
33.5	0.005108924
33.51	0.002127913
33.52	-0.001808308
33.53	0.0005198567
33.54	-0.003515918
33.55	-0.0003649344
33.56	-0.003143228
33.57	-0.00748259
33.58	0.003516863
33.59	0.001053468
33.6	-0.004646251
33.61	-0.002442212
33.62	4.627857e-05
33.63	0.003530341
33.64	0.003369116
33.65	-0.001588838
33.66	0.001142726
33.67	0.00636765
33.68	-0.004550242
33.69	0.003420812
33.7	0.003361156
33.71	0.00628217
33.72	-0.00462977
33.73	0.008620958
33.74	0.001191959
33.75	-0.000273615
33.76	0.0054232
33.77	0.007451668
33.78	0.006909449
33.79	0.00381114
33.8	-0.002178502
33.81	8.533929e-05
33.82	-0.000513745
33.83	-0.003291001
33.84	0.008327226
33.85	-0.0008765752
33.86	0.003915029
33.87	-0.002352606
33.88	-0.001613788
33.89	-0.001442748
33.9	0.0008455196
33.91	-0.003321809
33.92	-0.002719863
33.93	-0.007614854
33.94	0.005215893
33.95	-0.006987774
33.96	-0.00643843
33.97	-0.003373113
33.98	-0.001688969
33.99	-0.002674957
34	-0.002896561
34.01	-0.002430183
34.02	0.001860669
34.03	-0.003643378
34.04	0.004297077
34.05	-0.0005549869
34.06	-0.001609771
34.07	-0.001771584
34.08	-0.003714667
34.09	-0.0001607129
34.1	-0.002124313
34.11	0.005326866
34.12	0.003195395
34.13	0.004486787
34.14	0.0004391203
34.15	0.0005585365
34.16	-4.644548e-05
34.17	0.002101757
34.18	0.00723934
34.19	0.004727384
34.2	0.001475917
34.21	0.002232822
34.22	0.003870808
34.23	0.002190624
34.24	0.001924095
34.25	0.003898842
34.26	0.0001204909
34.27	-0.003819336
34.28	0.003107305
34.29	-0.002759012
34.3	-0.002349654
34.31	0.008487397
34.32	0.001127257
34.33	-0.005016733
34.34	-0.001057964
34.35	-0.00509431
34.36	-0.002236321
34.37	-0.004262793
34.38	0.0007113546
34.39	-0.0008630402
34.4	0.002050147
34.41	-0.001662523
34.42	-0.005917348
34.43	0.006402832
34.44	0.001499424
34.45	0.002529429
34.46	-0.004198623
34.47	0.008401295
34.48	-0.002475974
34.49	0.003650636
34.5	0.003063299
34.51	0.004508385
34.52	0.003186083
34.53	-0.002651082
34.54	0.001211649
34.55	-0.006228173
34.56	-0.003918666
34.57	-0.003853437
34.58	-0.001297941
34.59	-0.003751782
34.6	-0.002716973
34.61	-0.002811562
34.62	-0.00418423
34.63	0.0001049042
34.64	-0.001653675
34.65	0.008909802
34.66	0.0009755082
34.67	0.003242345
34.68	0.005965365
34.69	0.005093039
34.7	0.0007159817
34.71	0.006604236
34.72	0.004073948
34.73	-0.0009886522
34.74	0.0006831837
34.75	0.0003264105
34.76	-0.003757702
34.77	0.00725709
34.78	-8.285606e-05
34.79	0.0003544448
34.8	-0.003555064
34.81	0.001469595
34.82	0.001617137
34.83	0.0007811182
34.84	0.003008723
34.85	-0.00275274
34.86	0.003916609
34.87	-0.0004870793
34.88	0.006433826
34.89	0.00174105
34.9	0.003692889
34.91	-0.001618337
34.92	0.009359035
34.93	-0.003649553
34.94	-0.0006222037
34.95	0.004341592
34.96	0.004222939
34.97	-0.002013656
34.98	-0.0003432009
34.99	-0.001604029
35	-0.001685723
35.01	-0.006191425
35.02	-0.004681905
35.03	-0.002531
35.04	-0.00460015
35.05	-0.005407072
35.06	0.001655858
35.07	0.002630573
35.08	0.002838475
35.09	0.003028824
35.1	0.0002336309
35.11	0.003213983
35.12	-0.005251068
35.13	0.00121991
35.14	-0.01030964
35.15	0.0005440823
35.16	-0.0006503891
35.17	0.0001119837
35.18	0.004863492
35.19	-0.009194865
35.2	0.006372308
35.21	-0.004886965
35.22	-0.001815705
35.23	0.006396314
35.24	-0.0005331749
35.25	0.002292693
35.26	-0.0004429822
35.27	0.004223512
35.28	0.001680032
35.29	-0.001142008
35.3	-0.004274373
35.31	0.004372169
35.32	-0.003428355
35.33	-0.004333191
35.34	0.003036689
35.35	0.001088644
35.36	0.005097307
35.37	0.001607221
35.38	0.005132464
35.39	0.001063532
35.4	-0.005940971
35.41	0.001068645
35.42	-0.003191567
35.43	-0.00681948
35.44	-0.001975939
35.45	0.005869954
35.46	-0.006303624
35.47	-0.0007479519
35.48	0.005167778
35.49	-0.007504707
35.5	0.002754349
35.51	0.007643262
35.52	0.001687314
35.53	0.002299758
35.54	0.0009676439
35.55	-0.003539864
35.56	0.002487414
35.57	-0.003028254
35.58	-0.002205111
35.59	-0.0002179568
35.6	-0.00605625
35.61	0.004484621
35.62	0.0005677971
35.63	0.003966805
35.64	0.001534048
35.65	0.004303131
35.66	-0.005397454
35.67	-0.004108728
35.68	0.003033158
35.69	-0.005500281
35.7	-0.001634703
35.71	-0.004096191
35.72	0.003360803
35.73	-0.001529811
35.74	0.003506539
35.75	6.975296e-05
35.76	-0.0007763898
35.77	-0.003054591
35.78	-0.0007145998
35.79	5.506553e-05
35.8	0.0008549232
35.81	0.001687895
35.82	0.0003233862
35.83	0.001868282
35.84	0.000775838
35.85	0.0009022417
35.86	-0.001414725
35.87	-0.001512741
35.88	-0.000704358
35.89	-0.003470007
35.9	-0.0008137987
35.91	0.001407076
35.92	0.0008325828
35.93	-0.005895087
35.94	0.001642594
35.95	1.191117e-05
35.96	-0.005581563
35.97	0.009116899
35.98	0.0009870076
35.99	-0.003996031
36	0.0005200379
36.01	0.005526801
36.02	0.001840113
36.03	-0.002068685
36.04	0.004368255
36.05	0.0004298878
36.06	0.00255547
36.07	0.003126793
36.08	-0.0004136403
36.09	0.001503483
36.1	0.0009357894
36.11	0.002015358
36.12	0.002031271
36.13	-0.002471394
36.14	0.005505656
36.15	-0.002379072
36.16	-0.0009057505
36.17	-0.005006085
36.18	0.001390463
36.19	-0.003756617
36.2	-0.003078413
36.21	-0.002224323
36.22	0.003889561
36.23	-0.001958614
36.24	0.001044741
36.25	0.001408785
36.26	0.002627152
36.27	0.002535021
36.28	0.003969745
36.29	0.003378238
36.3	0.002577999
36.31	0.004710876
36.32	-0.000467217
36.33	-0.001468604
36.34	0.001051417
36.35	-0.004028113
36.36	0.002424441
36.37	-0.00068887
36.38	-0.0008224516
36.39	0.001237302
36.4	0.003255549
36.41	0.000593415
36.42	0.0003449476
36.43	-0.002009486
36.44	-0.0003537987
36.45	0.003760914
36.46	0.001612931
36.47	0.0008364494
36.48	0.002134351
36.49	0.003458426
36.5	0.001866047
36.51	0.001538574
36.52	0.001386688
36.53	0.001154702
36.54	-0.0004318103
36.55	-0.001221569
36.56	0.001248434
36.57	-0.001538704
36.58	0.000496622
36.59	-0.001554397
36.6	0.001994678
36.61	-0.0004680496
36.62	0.002934338
36.63	-0.001773059
36.64	-0.001808758
36.65	0.0003848259
36.66	-0.0002203944
36.67	0.002891974
36.68	-0.00222528
36.69	0.001875687
36.7	0.002194481
36.71	-0.001252533
36.72	0.001722547
36.73	-0.0005310078
36.74	0.001932574
36.75	-0.002479426
36.76	0.0029814
36.77	-0.0006945131
36.78	0.000838108
36.79	-0.0005108191
36.8	0.001810316
36.81	0.0005536813
36.82	0.0004913608
36.83	0.0005754401
36.84	0.0006338301
36.85	0.0007521178
36.86	0.0001658748
36.87	0.0005462388
36.88	0.0003608245
36.89	0.001089797
36.9	0.0004829177
36.91	-3.163023e-05
36.92	0.000875303
36.93	-0.001941263
36.94	0.0003560228
36.95	0.002365633
36.96	-0.001908643
36.97	0.001507993
36.98	-0.00124954
36.99	-0.0007610042
37	0.001742498
37.01	0.001729082
37.02	0.002238304
37.03	0.001248354
37.04	0.0007649433
37.05	0.002515796
37.06	-0.001412501
37.07	0.003334006
37.08	-0.001817553
37.09	-0.0009484998
37.1	0.005491879
37.11	-0.002894072
37.12	0.0007461202
37.13	0.002821116
37.14	0.001982112
37.15	-0.0002336118
37.16	0.001025068
37.17	-4.038631e-05
37.18	-0.0002625997
37.19	0.0001529946
37.2	9.615422e-05
37.21	0.0003271844
37.22	8.636264e-05
37.23	-0.0003828431
37.24	0.000428841
37.25	0.0001189257
37.26	0.0002160399
37.27	0.0002343204
37.28	0.0001897361
37.29	0.0001952205
37.3	0.0001910156
37.31	0.0002523602
37.32	0.0002259965
37.33	0.0002050976
37.34	0.0002045438
37.35	0.0003133867
37.36	0.0002789633
37.37	0.0003318258
37.38	0.0002702183
37.39	0.000323126
37.4	0.0002963638
37.41	0.0002951562
37.42	0.0003147455
37.43	0.0002862223
37.44	0.0002972009
37.45	0.0002955515
37.46	0.0002962695
37.47	0.0002975011
37.48	0.0002982367
37.49	0.0002992121
